100 0
110 0
120 0
130 0
140 0
150 0
160 0
170 0
180 0
190 1
200 0
210 1
220 0
230 0
240 1
250 0
260 0
270 0
280 0
290 1
300 0
310 0
320 0
330 1
340 0
350 0
360 0
370 1
380 1
390 1
400 0
410 0
420 0
430 0
440 1
450 1
460 1
470 1
480 1
490 1
500 1
510 1
520 1
530 1
540 1
550 1
560 1
570 0
580 0
590 0
600 1
610 1
620 1
630 1
640 0
650 1
660 1
670 1
680 0
690 1
700 1
710 1
720 0
730 1
740 1
750 1
760 1
770 1
780 1
790 1
800 1
810 1
820 1
830 1
840 1
850 1
860 1
870 1
880 1
890 1
900 1
910 1
920 1
930 1
940 1
950 1
960 1
970 1
980 1
990 1
1000 1
1010 1
1020 2
1030 1
1040 1
1050 1
1060 2
1070 1
1080 1
1090 1
1100 1
1110 1
1120 2
1130 2
1140 2
1150 2
1160 1
1170 1
1180 1
1190 1
1200 1
1210 1
1220 1
1230 1
1240 1
1250 2
1260 2
1270 2
1280 2
1290 2
1300 1
1310 1
1320 1
1330 2
1340 2
1350 2
1360 1
1370 1
1380 2
1390 2
1400 1
1410 2
1420 2
1430 1
1440 2
1450 2
1460 1
1470 2
1480 2
1490 1
1500 2
1510 1
1520 2
1530 2
1540 2
1550 1
1560 2
1570 2
1580 2
1590 2
1600 2
1610 2
1620 1
1630 2
1640 2
1650 2
1660 2
1670 2
1680 2
1690 2
1700 2
1710 2
1720 2
1730 2
1740 2
1750 2
1760 2
1770 2
1780 2
1790 2
1800 2
1810 2
1820 2
1830 2
1840 4
1850 5
1860 4
1870 4
1880 2
1890 2
1900 2
1910 2
1920 2
1930 2
1940 2
1950 2
1960 2
1970 2
1980 2
1990 2
2000 3
2010 3
2020 3
2030 2
2040 4
2050 2
2060 2
2070 3
2080 3
2090 2
2100 3
2110 2
2120 2
2130 3
2140 2
2150 6
2160 2
2170 3
2180 3
2190 2
2200 3
2210 2
2220 3
2230 3
2240 3
2250 3
2260 3
2270 3
2280 3
2290 3
2300 3
2310 2
2320 3
2330 2
2340 3
2350 3
2360 2
2370 3
2380 3
2390 2
2400 3
2410 3
2420 2
2430 3
2440 3
2450 3
2460 2
2470 3
2480 3
2490 3
2500 3
2510 3
2520 2
2530 3
2540 3
2550 3
2560 3
2570 3
2580 3
2590 3
2600 3
2610 3
2620 3
2630 3
2640 3
2650 4
2660 3
2670 3
2680 3
2690 3
2700 3
2710 4
2720 3
2730 3
2740 3
2750 3
2760 3
2770 3
2780 3
2790 4
2800 3
2810 3
2820 4
2830 3
2840 3
2850 4
2860 3
2870 4
2880 3
2890 4
2900 3
2910 3
2920 3
2930 3
2940 3
2950 4
2960 3
2970 4
2980 3
2990 4
3000 3
3010 3
3020 4
3030 3
3040 3
3050 4
3060 4
3070 3
3080 4
3090 4
3100 3
3110 3
3120 4
3130 4
3140 4
3150 4
3160 3
3170 3
3180 4
3190 4
3200 4
3210 4
3220 4
3230 4
3240 4
3250 4
3260 4
3270 4
3280 4
3290 4
3300 4
3310 4
3320 4
3330 4
3340 4
3350 4
3360 4
3370 3
3380 4
3390 4
3400 4
3410 4
3420 8
3430 8
3440 7
3450 6
3460 4
3470 4
3480 5
3490 4
3500 4
3510 5
3520 4
3530 4
3540 4
3550 4
3560 4
3570 4
3580 4
3590 4
3600 4
3610 4
3620 4
3630 4
3640 4
3650 4
3660 4
3670 4
3680 5
3690 4
3700 4
3710 4
3720 4
3730 5
3740 4
3750 4
3760 4
3770 5
3780 4
3790 4
3800 5
3810 5
3820 4
3830 4
3840 4
3850 5
3860 5
3870 5
3880 4
3890 4
3900 4
3910 4
3920 4
3930 4
3940 4
3950 5
3960 5
3970 5
3980 5
3990 4
4000 4
4010 4
4020 4
4030 4
4040 5
4050 5
4060 5
4070 5
4080 5
4090 4
4100 5
4110 5
4120 5
4130 5
4140 4
4150 5
4160 5
4170 8
4180 5
4190 5
4200 5
4210 5
4220 5
4230 5
4240 5
4250 5
4260 5
4270 5
4280 5
4290 5
4300 5
4310 5
4320 6
4330 5
4340 5
4350 5
4360 5
4370 5
4380 6
4390 5
4400 5
4410 5
4420 5
4430 5
4440 5
4450 5
4460 6
4470 5
4480 5
4490 6
4500 5
4510 5
4520 5
4530 6
4540 7
4550 10
4560 9
4570 5
4580 6
4590 5
4600 5
4610 5
4620 5
4630 5
4640 5
4650 5
4660 6
4670 6
4680 6
4690 6
4700 6
4710 6
4720 6
4730 6
4740 5
4750 5
4760 5
4770 5
4780 5
4790 6
4800 6
4810 6
4820 6
4830 5
4840 5
4850 6
4860 6
4870 5
4880 5
4890 6
4900 6
4910 5
4920 6
4930 6
4940 5
4950 6
4960 6
4970 5
4980 6
4990 7
5000 6
5010 7
5020 6
5030 6
5040 6
5050 6
5060 6
5070 6
5080 6
5090 6
5100 6
5110 5
5120 6
5130 6
5140 6
5150 6
5160 6
5170 6
5180 6
5190 6
5200 6
5210 6
5220 6
5230 6
5240 6
5250 6
5260 6
5270 6
5280 6
5290 6
5300 6
5310 7
5320 6
5330 6
5340 6
5350 6
5360 6
5370 6
5380 6
5390 6
5400 6
5410 7
5420 6
5430 9
5440 6
5450 6
5460 7
5470 7
5480 7
5490 7
5500 6
5510 6
5520 6
5530 6
5540 6
5550 7
5560 7
5570 6
5580 6
5590 6
5600 7
5610 6
5620 6
5630 7
5640 7
5650 6
5660 6
5670 6
5680 5
5690 6
5700 6
5710 7
5720 7
5730 6
5740 7
5750 6
5760 7
5770 6
5780 7
5790 6
5800 7
5810 6
5820 7
5830 6
5840 7
5850 7
5860 6
5870 7
5880 6
5890 7
5900 7
5910 6
5920 7
5930 7
5940 7
5950 6
5960 7
5970 7
5980 7
5990 6
6000 7
6010 7
6020 7
6030 7
6040 7
6050 7
6060 6
6070 7
6080 7
6090 7
6100 8
6110 8
6120 8
6130 7
6140 7
6150 7
6160 7
6170 7
6180 7
6190 7
6200 7
6210 7
6220 7
6230 7
6240 7
6250 7
6260 8
6270 7
6280 7
6290 7
6300 7
6310 7
6320 7
6330 7
6340 8
6350 7
6360 7
6370 8
6380 8
6390 7
6400 8
6410 7
6420 11
6430 7
6440 7
6450 7
6460 8
6470 7
6480 8
6490 7
6500 8
6510 7
6520 7
6530 8
6540 7
6550 8
6560 7
6570 8
6580 8
6590 7
6600 8
6610 8
6620 7
6630 7
6640 8
6650 8
6660 7
6670 8
6680 8
6690 8
6700 8
6710 8
6720 5
6730 9
6740 8
6750 9
6760 8
6770 8
6780 8
6790 8
6800 8
6810 8
6820 8
6830 9
6840 15
6850 14
6860 14
6870 14
6880 14
6890 15
6900 15
6910 15
6920 9
6930 8
6940 8
6950 8
6960 8
6970 8
6980 8
6990 8
7000 8
7010 8
7020 11
7030 8
7040 8
7050 8
7060 8
7070 8
7080 8
7090 8
7100 8
7110 8
7120 8
7130 8
7140 8
7150 8
7160 8
7170 8
7180 8
7190 8
7200 16
7210 12
7220 9
7230 8
7240 8
7250 10
7260 12
7270 8
7280 8
7290 9
7300 8
7310 12
7320 8
7330 8
7340 9
7350 8
7360 9
7370 9
7380 8
7390 8
7400 8
7410 9
7420 9
7430 9
7440 8
7450 8
7460 8
7470 8
7480 8
7490 8
7500 9
7510 9
7520 9
7530 9
7540 9
7550 8
7560 8
7570 8
7580 8
7590 8
7600 9
7610 9
7620 9
7630 9
7640 8
7650 8
7660 9
7670 9
7680 9
7690 8
7700 9
7710 9
7720 9
7730 9
7740 9
7750 9
7760 9
7770 9
7780 9
7790 9
7800 8
7810 9
7820 9
7830 9
7840 9
7850 9
7860 9
7870 9
7880 9
7890 9
7900 9
7910 9
7920 9
7930 9
7940 9
7950 9
7960 9
7970 9
7980 9
7990 9
8000 9
8010 9
8020 9
8030 9
8040 10
8050 9
8060 9
8070 9
8080 9
8090 10
8100 9
8110 9
8120 9
8130 9
8140 9
8150 9
8160 9
8170 9
8180 9
8190 10
8200 10
8210 10
8220 10
8230 9
8240 10
8250 9
8260 9
8270 10
8280 10
8290 10
8300 9
8310 9
8320 10
8330 10
8340 9
8350 10
8360 10
8370 9
8380 10
8390 10
8400 9
8410 10
8420 10
8430 10
8440 10
8450 9
8460 10
8470 9
8480 10
8490 9
8500 10
8510 9
8520 10
8530 9
8540 10
8550 10
8560 10
8570 10
8580 10
8590 10
8600 10
8610 18
8620 13
8630 10
8640 10
8650 10
8660 10
8670 13
8680 10
8690 10
8700 10
8710 10
8720 10
8730 10
8740 10
8750 10
8760 10
8770 11
8780 10
8790 10
8800 10
8810 10
8820 10
8830 10
8840 10
8850 10
8860 10
8870 14
8880 17
8890 15
8900 11
8910 11
8920 11
8930 11
8940 10
8950 10
8960 10
8970 10
8980 10
8990 11
9000 10
9010 10
9020 10
9030 11
9040 10
9050 10
9060 11
9070 11
9080 15
9090 19
9100 21
9110 19
9120 11
9130 10
9140 11
9150 10
9160 11
9170 10
9180 11
9190 10
9200 11
9210 10
9220 11
9230 10
9240 11
9250 10
9260 11
9270 11
9280 10
9290 11
9300 11
9310 10
9320 11
9330 11
9340 10
9350 11
9360 11
9370 10
9380 10
9390 11
9400 11
9410 11
9420 10
9430 11
9440 11
9450 11
9460 11
9470 11
9480 11
9490 11
9500 11
9510 11
9520 11
9530 11
9540 11
9550 11
9560 11
9570 11
9580 11
9590 11
9600 11
9610 11
9620 11
9630 11
9640 11
9650 11
9660 11
9670 11
9680 11
9690 11
9700 11
9710 11
9720 12
9730 11
9740 11
9750 11
9760 12
9770 11
9780 11
9790 11
9800 11
9810 12
9820 11
9830 16
9840 14
9850 11
9860 12
9870 11
9880 12
9890 11
9900 12
9910 11
9920 12
9930 11
9940 12
9950 11
9960 11
9970 12
9980 11
9990 12
10000 12
