456.499998
25.900008
23.300003
22.900000
23.000001
22.799999
23.100001
22.900000
23.100001
22.699998
26.099995
22.900000
23.099987
22.900000
23.000001
23.000001
22.799999
22.699998
23.600005
22.900000
39.999999
24.300010
21.400003
25.900008
23.400004
18.699997
34.299999
20.799998
19.900006
17.900005
16.999998
21.300002
83.299994
20.899999
17.300001
18.399995
17.900005
21.000000
20.599997
20.699998
20.499996
20.300009
19.800005
19.999992
41.300009
23.400004
22.000007
21.800006
25.200003
22.099994
21.400003
26.500013
21.599990
27.899994
23.199987
21.300002
22.100008
25.600006
27.200003
26.900001
23.700006
20.899999
20.399995
24.000008
24.499997
24.199995
22.300010
20.699998
14.999998
19.500003
14.599995
14.599995
14.399993
14.500009
14.600009
14.900012
14.599995
15.599988
14.899997
34.800003
15.199999
15.800004
15.099999
17.500002
20.300009
21.999993
24.000008
28.900002
27.299990
31.999996
27.900009
27.400005
26.399997
22.799999
24.599998
25.899993
24.599998
25.600006
26.099995
27.000002
27.100003
28.100010
32.700002
26.800000
26.299997
23.500004
31.799995
23.300003
43.799999
25.900008
25.500005
25.000001
26.800000
26.700000
27.199989
29.599993
25.899993
44.699991
48.200003
23.300003
23.200002
23.700006
23.200002
22.699998
22.900000
22.900000
23.100001
23.099987
27.000002
23.300003
23.300003
23.599991
22.799999
24.000008
35.200006
40.700004
23.999994
22.099994
22.799999
22.700013
22.499997
78.800003
31.899996
22.599997
27.799993
27.099988
26.800000
23.700006
22.100008
24.800000
26.300011
25.599991
24.399997
24.699999
24.999987
49.299997
25.400004
23.300003
25.400004
27.800008
28.900002
27.799993
27.100003
48.999995
23.300003
23.500004
36.699988
28.900002
23.400004
22.900000
23.100001
23.099987
22.799999
23.000001
22.900000
22.900000
22.900000
23.100001
23.000001
22.799999
22.900000
24.900000
23.000001
22.900000
22.900000
23.000001
23.000001
23.000001
22.900000
22.900000
23.000001
22.799999
22.699998
22.900000
23.000001
23.500004
23.000001
22.799999
23.099987
22.900000
22.900000
23.000001
23.000001
23.000001
22.799999
22.900000
23.000001
23.100001
24.500012
22.900000
22.599997
22.799999
23.000001
22.900000
22.900000
22.900000
23.000001
22.799999
22.900000
23.000001
23.000001
22.900000
24.599998
22.900000
22.900000
22.900000
23.000001
22.900000
22.900000
23.000001
23.000001
22.799999
23.000001
22.900000
22.900000
22.799999
24.499997
23.000001
22.599997
23.000001
23.000001
23.000001
23.100001
22.799999
23.200002
23.000001
22.900000
22.799999
22.900000
25.100002
23.000001
23.000001
22.900000
23.100001
22.799999
22.900014
22.900000
22.900000
22.900000
22.900000
23.000001
23.000001
22.900000
24.499997
22.900000
23.100001
22.900000
22.900000
22.900000
23.000001
22.900000
22.900000
22.900000
22.900000
23.000001
23.000001
23.000001
24.699999
22.900000
22.799999
22.900000
22.900000
22.800014
22.900000
22.900000
23.000001
23.100001
21.999993
23.000001
23.000001
22.900000
24.800000
22.900000
22.900000
22.900000
23.000001
23.000001
23.000001
22.900000
23.000001
22.900000
23.000001
22.900000
23.000001
24.499997
22.900000
22.900000
22.799999
23.000001
22.900000
22.900000
22.900000
22.900000
22.900000
22.900000
22.799999
22.900014
22.799999
24.499997
23.000001
22.900000
22.799999
23.000001
22.900000
22.900000
22.900000
23.100001
22.900000
22.900000
23.000001
22.900000
22.900000
25.000001
23.000001
22.799999
23.000001
22.900000
22.900000
22.900000
22.799999
22.799999
22.800014
23.000001
22.799999
22.500011
22.799999
24.499997
22.799999
22.700013
22.900000
23.000001
22.600012
22.799999
22.900000
22.799999
22.900000
22.800014
23.100001
22.900000
24.500012
22.900000
22.900000
22.900000
22.799999
22.900000
23.000001
22.900000
22.900000
22.799999
22.799999
22.900000
22.799999
22.900000
24.599998
23.000001
22.799999
22.799999
22.799999
22.799999
22.799999
22.799999
22.900000
22.900000
22.700013
22.900000
23.000001
22.900000
24.499997
22.900000
22.900000
22.900000
23.000001
22.900000
22.799999
22.900000
22.900000
22.900000
22.699998
22.799999
22.799999
23.000001
24.499997
22.900000
22.900000
22.900000
22.900000
22.900014
22.900000
22.900000
22.900000
22.900000
23.000001
22.900000
22.900000
22.900000
24.600013
22.900000
22.900000
22.900000
22.900000
23.100001
22.900000
23.200002
39.399994
18.400009
22.200009
23.900007
19.900006
13.299999
11.900003
14.699996
13.500001
14.399993
11.800003
11.700002
16.100006
17.700004
16.699996
17.499988
18.299994
17.099999
17.999992
12.999997
11.800003
11.899989
11.800003
12.000004
11.800003
11.700002
11.799988
11.800003
11.800003
15.099999
11.899989
16.899998
16.899998
17.200000
15.700003
15.500002
17.099999
16.199992
16.699996
15.899990
17.700004
17.600003
16.199992
19.100000
18.799998
18.300008
17.700004
19.599989
26.700000
22.699998
23.000001
22.799999
22.799999
22.900000
22.699998
22.699998
22.799999
22.799999
22.799999
22.599997
22.300010
22.699998
22.699998
22.199994
22.499997
22.799999
22.900000
22.599997
22.799999
22.700013
22.900000
22.799999
22.800014
22.799999
22.699998
25.099987
22.499997
22.900000
22.999986
22.199994
22.699998
22.799999
22.800014
22.799999
23.100001
22.000007
20.499996
19.500003
16.399994
16.599995
22.499997
19.200001
17.800005
19.900006
20.500011
19.100000
21.000000
22.200009
21.700005
23.200002
20.000007
19.700004
21.200001
21.000000
18.200008
28.199996
18.200008
16.700011
19.900006
21.900007
23.999994
24.199995
15.500002
16.400008
16.899998
16.799997
16.599995
15.099999
11.999990
11.800003
11.800003
11.800003
11.800003
11.899989
11.800003
14.499994
11.800003
11.899989
11.900003
11.800003
11.900003
11.800003
11.800003
11.800003
11.799988
11.900003
11.900003
11.800003
11.700002
11.899989
12.000004
11.999990
11.900003
11.800003
11.800003
11.800003
11.899989
11.900003
11.800003
11.900003
11.800003
11.899989
13.600002
11.900003
12.000004
11.900003
11.899989
12.000004
11.799988
12.000004
11.899989
11.800003
11.800003
11.799988
11.800003
11.900003
11.900003
11.900003
11.799988
11.800003
11.900003
11.900003
11.800003
11.799988
11.800003
11.800003
11.800003
11.900003
13.600002
12.000004
11.800003
11.800003
11.900003
11.700002
11.800003
11.800003
11.799988
11.800003
11.800003
11.900003
12.000004
11.800003
11.800003
11.800003
11.900003
12.000004
16.999998
19.200001
19.399988
19.200001
19.399988
20.599997
11.900003
11.799988
11.700002
11.800003
11.799988
11.700002
11.800003
11.700002
11.800003
11.800003
11.800003
11.900003
11.800003
11.800003
11.899989
11.700002
11.900003
11.799988
11.800003
11.999990
11.700002
11.800003
11.999990
11.800003
11.800003
13.199999
11.800003
11.800003
11.699987
11.800003
11.700002
11.699987
11.900003
11.800003
11.800003
11.800003
11.899989
11.900003
11.800003
11.900003
11.900003
11.700002
11.800003
11.800003
11.699987
11.900003
11.800003
11.800003
12.099990
11.700002
11.800003
11.899989
13.400000
11.800003
11.699987
11.800003
11.899989
11.800003
11.800003
11.800003
12.100005
11.999990
11.800003
14.599995
19.999992
19.500003
17.400002
11.800003
11.799988
11.800003
11.800003
11.799988
11.800003
11.900003
11.800003
11.800003
13.400000
11.800003
11.800003
11.700002
11.800003
11.800003
11.800003
11.700002
11.800003
11.899989
11.700002
11.800003
11.799988
11.800003
11.800003
11.800003
11.900003
11.799988
11.800003
11.900003
11.899989
11.900003
12.000004
11.700002
12.000004
11.800003
11.700002
12.999997
11.900003
11.900003
11.800003
11.699987
11.800003
11.800003
11.699987
11.900003
11.700002
11.999990
11.800003
11.900003
11.800003
11.800003
11.799988
11.800003
11.800003
11.999990
11.900003
11.799988
11.700002
11.700002
11.899989
11.800003
11.700002
12.000004
13.099998
11.900003
11.800003
11.900003
11.900003
11.800003
11.800003
11.800003
11.899989
11.800003
11.700002
11.800003
11.800003
11.800003
12.000004
11.800003
11.700002
11.800003
11.900003
11.799988
11.800003
11.800003
11.900003
11.700002
11.800003
11.800003
12.999997
11.800003
11.899989
11.800003
11.800003
11.800003
11.700002
11.700002
11.800003
11.800003
11.800003
11.800003
11.800003
11.899989
11.800003
11.700002
11.800003
11.900003
11.899989
11.700002
11.700002
11.899989
11.800003
11.700002
11.700002
11.900003
12.000004
13.500001
12.000004
11.900003
11.899989
11.900003
11.800003
11.800003
11.900003
11.899989
11.800003
11.800003
11.800003
11.900003
11.700002
11.800003
11.900003
11.900003
11.900003
11.799988
11.700002
11.900003
12.000004
11.800003
12.099990
13.900004
15.900005
16.899998
16.199992
12.299992
12.100005
14.799996
15.599988
15.099999
15.099999
15.799989
17.200000
16.799997
17.600003
15.700003
16.899998
16.399994
17.900005
17.200000
17.300001
16.899998
19.500003
18.299994
19.300001
37.999998
13.400000
11.899989
11.800003
11.900003
11.900003
11.800003
11.900003
11.799988
33.999997
12.600009
11.899989
11.800003
11.700002
11.799988
11.700002
11.800003
13.500001
27.899994
19.100000
12.499993
11.900003
11.899989
11.800003
11.900003
11.900003
11.700002
11.899989
11.800003
13.099998
18.299994
17.300001
31.800009
12.300006
12.299992
12.200006
12.300006
12.199991
12.300006
32.899989
33.200005
14.300007
14.399993
14.000005
14.100006
14.199992
14.699996
14.200006
14.200006
14.899997
14.400008
14.099991
15.300000
24.199995
23.899993
16.699996
14.300007
17.800005
19.100000
21.500004
15.400001
14.299992
14.199992
14.100006
18.000006
19.900006
19.999992
22.900000
26.499998
22.699998
16.000005
14.699996
14.699996
15.199999
18.300008
14.800011
16.899998
17.500002
17.400002
20.499996
15.199999
14.699996
14.599995
14.499994
14.799996
14.599995
14.899997
15.099999
14.699996
15.300000
15.700003
14.999998
14.999998
14.499994
14.899997
14.399993
15.699989
14.999998
21.100001
38.800004
20.199994
43.200009
34.100012
17.800005
16.400008
17.400002
16.299993
16.699996
16.399994
17.200000
17.299986
17.800005
17.900005
17.599988
17.099999
19.799991
36.799989
36.999991
20.699998
15.900005
16.400008
11.900003
12.000004
12.099990
11.900003
11.799988
11.800003
11.700002
14.599995
11.899989
11.900003
11.900003
11.700002
11.700002
16.799997
11.999990
11.800003
12.899996
15.500002
17.600003
33.699995
15.199999
14.800011
12.500008
