627.599991
311.199998
332.099997
295.100006
289.700009
282.000008
281.000001
284.099995
281.100001
272.799996
261.800000
264.100003
262.000001
261.199995
264.799994
261.800000
264.200004
261.299996
262.000001
264.000002
261.100009
264.600007
261.699999
263.700000
261.199995
261.499998
264.500006
261.199995
263.900001
261.000008
261.900001
411.300003
453.300003
592.900004
506.299999
540.100009
605.000008
600.899992
515.500011
498.199995
434.899994
465.900011
451.300002
421.899997
597.699996
472.200001
499.100002
593.600009
519.000008
564.000002
264.099988
268.299991
262.799993
272.799996
313.600001
504.399999
476.200003
626.800000
734.499990
289.200005
310.699994
325.100002
291.199991
371.699993
339.699996
312.599994
275.200000
269.699987
273.600002
253.999999
402.799997
276.200008
478.799993
281.800007
266.699994
269.899989
271.700002
334.400000
277.500003
279.600004
282.499997
565.399998
479.100010
482.600008
447.500002
436.600007
458.099996
485.899989
521.700000
416.800001
570.699995
414.499998
482.499992
417.100004
371.599992
321.600004
285.900009
328.199996
353.999989
285.200003
