1060.200011
1264.499995
633.300006
628.599999
620.699997
680.300000
1279.699994
1057.300004
960.100006
702.299993
711.699991
2185.699996
1186.200010
809.100005
1098.400011
1048.499995
1075.100008
1193.999997
1256.200005
1212.000003
1075.599997
1149.499993
889.599993
975.699993
904.100001
1020.600001
636.500001
693.499998
660.099991
662.899998
959.500001
678.800003
726.000013
887.399990
927.200002
962.799997
683.300008
652.899995
693.900001
663.500003
626.699999
620.100007
620.799998
615.900004
619.600003
619.600003
619.699989
794.799998
629.499991
621.999992
621.700005
620.799998
620.500010
714.199996
628.900001
1241.200007
879.300002
756.900001
914.400007
804.800002
1033.299995
785.099997
698.000003
621.200001
620.600011
616.899997
621.100000
620.000006
620.699997
786.199991
631.299990
628.400012
620.399995
619.899991
616.100006
618.499995
724.099998
660.199992
620.700011
616.599995
618.999999
619.999992
670.099995
618.699996
621.600004
619.400002
619.300001
616.599995
620.099992
621.200001
619.700004
620.499995
616.699996
619.400002
619.799990
721.199991
626.299996
617.000012
619.300001
620.000006
