6.099996
3.499998
2.599998
2.299996
2.100001
2.300003
2.200002
2.200002
2.100001
2.100001
2.100001
2.199995
2.599998
2.300003
2.200002
2.099994
2.100001
2.099994
2.100001
2.099994
2.100001
2.100001
2.100001
2.099994
2.100001
2.100001
2.100001
2.100001
2.200002
2.100001
2.100001
4.200003
2.099994
2.100001
2.100001
2.100001
2.100001
2.100001
2.100001
1.699998
1.699998
1.699998
1.699998
1.699998
1.699998
1.699998
1.599998
1.599998
1.599998
1.699998
1.699998
1.699998
1.799999
1.799999
1.799999
1.799999
1.699998
1.699998
1.699998
1.699998
1.799999
1.799999
1.699998
1.699998
1.599998
1.799999
1.700006
1.700006
1.699998
1.700006
1.700006
1.700006
1.700006
1.700006
1.700006
1.700006
1.699998
1.699998
1.699998
1.700006
1.700006
1.800006
1.700006
1.700006
1.799999
1.900000
1.699998
1.599998
1.699998
1.699998
1.699998
1.599998
1.599998
1.699998
1.599998
1.699998
1.699998
1.699998
1.699998
1.699998
1.599998
1.699998
1.699998
1.699998
1.699998
1.699998
1.699998
1.699998
1.699998
1.700006
1.700006
1.700006
1.700006
1.700006
1.799999
1.700006
1.600005
1.700006
1.700006
1.700006
1.700006
1.600005
1.700006
1.700006
1.700006
1.700006
1.700006
1.700006
1.700006
1.699998
1.699998
1.699998
1.699998
1.900000
1.799999
1.599998
1.599998
1.699998
1.699998
1.699998
1.699998
1.699998
1.699998
1.699998
1.699998
1.699998
1.699998
1.699998
1.699998
1.699998
1.699998
1.699998
1.700006
1.700006
1.600005
1.600005
1.600005
1.800006
3.300003
2.100001
2.000001
1.799999
2.300003
2.199995
1.799999
1.699998
1.699998
1.699998
1.699998
1.699998
1.699998
1.699998
1.699998
1.700006
1.700006
1.700006
1.700006
1.700006
1.600005
1.600005
1.699998
1.699998
1.700006
1.600005
1.600005
1.699998
1.699998
1.699998
1.699998
1.699998
1.699998
1.600005
1.699998
1.699998
1.699998
1.699998
1.699998
1.699998
1.699998
1.699998
1.699998
1.799999
1.700006
1.700006
1.700006
1.700006
1.700006
1.700006
1.700006
1.600005
1.700006
1.700006
1.700006
1.700006
1.700006
1.700006
1.700006
1.699998
1.699998
1.699998
1.699998
1.699998
1.700006
1.699998
1.699998
1.699998
1.599998
1.599998
1.599998
1.599998
1.699998
1.699998
1.699998
1.699998
1.699998
1.699998
1.699998
1.699998
1.599998
1.599998
1.599998
1.599998
1.599998
1.599998
1.599998
1.599998
1.599998
1.699998
1.699998
1.599998
1.699998
1.699998
1.699998
1.699998
1.699998
1.699998
1.699998
1.699998
1.699998
1.699998
1.599998
1.699998
1.599998
1.599998
1.699998
1.699998
1.699998
1.699998
1.699998
1.699998
1.699998
1.699998
1.699998
1.699998
1.699998
1.699998
1.699998
1.699998
1.699998
1.599998
1.599998
1.699998
1.699998
1.699998
2.599998
1.599998
1.599998
1.599998
1.699998
1.699998
1.699998
1.699998
1.699998
1.699998
1.699998
1.699998
1.699998
1.599998
1.699998
1.699998
1.699998
1.699998
1.699998
1.599998
1.599998
1.699998
1.699998
1.699998
1.699998
1.699998
1.699998
1.599998
1.699998
1.699998
1.699998
1.599998
1.599998
1.599998
1.699998
1.699998
1.699998
1.699998
1.699998
1.699998
1.699998
1.699998
1.699998
1.699998
1.699998
1.699998
1.699998
1.699998
1.599998
1.599998
1.599998
1.699998
1.699998
1.599998
1.699998
1.699998
1.699998
1.699998
1.699998
1.699998
1.699998
1.699998
1.699998
1.699998
1.699998
1.699998
1.699998
1.699998
1.699998
1.700006
1.700006
1.700006
1.699998
1.699998
1.599998
1.699998
1.699998
1.699998
1.599998
1.699998
1.699998
1.799999
1.699998
1.699998
1.699998
1.699998
1.699998
1.699998
1.699998
1.699998
1.699998
1.699998
1.599998
1.599998
1.699998
1.699998
1.699998
1.699998
1.699998
1.699998
1.699998
1.699998
1.699998
1.699998
1.599998
1.699998
1.599998
1.699998
1.699998
1.699998
1.699998
1.699998
1.699998
1.699998
1.699998
1.799999
1.699998
1.699998
1.699998
1.699998
1.699998
1.699998
1.699998
1.699998
1.699998
1.699998
1.699998
1.599998
2.499997
1.699998
1.699998
1.699998
1.699998
1.699998
1.699998
1.699998
1.699998
1.599998
1.599998
1.599998
1.599998
1.699998
1.699998
1.699998
1.699998
1.799999
1.700006
1.700006
1.700006
1.700006
1.700006
1.700006
1.700006
1.799999
1.699998
1.699998
3.500005
1.800006
1.700006
1.700006
1.600005
1.699998
1.699998
1.699998
1.699998
1.699998
1.699998
1.699998
1.699998
1.699998
1.799999
1.699998
1.699998
1.799999
1.699998
1.700006
1.700006
1.700006
1.600005
1.700006
1.700006
1.700006
1.700006
1.700006
1.700006
1.700006
1.700006
1.700006
1.700006
1.700006
1.699998
1.699998
1.699998
1.699998
1.699998
1.699998
1.699998
1.699998
1.699998
1.699998
1.699998
1.699998
1.699998
1.599998
1.599998
1.599998
1.599998
1.699998
1.699998
1.799999
1.699998
1.699998
1.699998
1.699998
1.599998
1.699998
1.699998
1.699998
1.699998
1.599998
1.699998
1.799999
1.699998
1.799999
1.699998
1.600005
1.600005
1.700006
1.699998
1.699998
1.699998
1.699998
1.700006
1.700006
1.700006
1.700006
1.700006
1.699998
1.699998
1.699998
1.699998
1.699998
1.599998
1.599998
1.699998
1.699998
1.799999
1.699998
1.699998
1.699998
1.699998
1.699998
1.699998
1.699998
1.699998
1.699998
2.599998
1.699998
1.599998
1.599998
1.699998
1.699998
1.699998
1.699998
1.699998
1.699998
1.699998
1.699998
1.699998
1.599998
1.699998
1.599998
1.699998
1.599998
1.599998
1.599998
1.599998
1.599998
1.699998
1.699998
1.699998
1.699998
1.699998
1.599998
1.599998
1.599998
1.699998
1.699998
1.699998
1.599998
1.699998
1.599998
1.699998
1.799999
1.699998
1.699998
1.699998
1.699998
1.699998
1.699998
1.699998
1.699998
1.599998
1.599998
1.599998
1.599998
1.599998
1.599998
1.699998
1.700006
1.800006
1.700006
1.700006
1.700006
1.700006
1.699998
1.700006
1.700006
1.700006
1.699998
1.699998
1.699998
1.699998
1.699998
1.699998
1.699998
1.699998
1.599998
1.699998
1.699998
1.799999
1.699998
1.699998
1.699998
1.699998
1.699998
1.699998
1.699998
1.599998
1.699998
1.699998
1.699998
1.799999
1.699998
1.699998
1.699998
1.699998
1.699998
1.699998
1.699998
1.699998
1.699998
1.699998
1.699998
1.699998
1.699998
1.699998
1.699998
1.699998
1.699998
1.699998
1.799999
1.699998
1.699998
1.600005
1.700006
1.700006
1.699998
1.600005
1.700006
1.700006
1.700006
1.700006
1.700006
1.700006
1.700006
1.699998
1.700006
1.700006
1.700006
1.800006
1.700006
1.699998
1.799999
2.799999
1.900000
1.799999
1.799999
1.700006
1.799999
1.699998
1.699998
1.699998
1.699998
1.699998
1.699998
1.699998
1.699998
1.599998
1.699998
1.699998
1.699998
1.699998
1.699998
1.700006
1.700006
1.699998
1.699998
1.600005
1.700006
1.700006
1.700006
1.700006
1.800006
1.700006
1.700006
1.700006
1.700006
1.700006
1.700006
1.600005
1.700006
1.699998
1.799999
1.699998
1.699998
1.699998
1.699998
1.699998
1.699998
1.699998
1.699998
1.699998
1.699998
1.599998
1.599998
1.699998
1.699998
1.699998
1.699998
1.699998
1.599998
1.699998
1.699998
1.799999
1.699998
1.699998
1.699998
1.699998
1.599998
1.699998
1.699998
1.699998
1.699998
1.699998
1.699998
1.699998
1.599998
1.699998
1.699998
1.699998
1.699998
1.699998
1.699998
1.699998
1.699998
1.699998
1.699998
1.699998
1.699998
1.699998
1.599998
1.599998
1.599998
1.599998
1.699998
1.699998
1.699998
1.699998
1.699998
1.699998
1.699998
1.699998
1.699998
1.699998
1.699998
1.699998
1.699998
1.799999
1.699998
1.699998
1.699998
1.699998
1.699998
1.799999
1.699998
1.699998
1.699998
1.699998
1.699998
1.599998
1.599998
1.699998
1.699998
1.699998
1.699998
1.699998
1.699998
1.699998
1.699998
2.599998
1.699998
1.599998
1.699998
1.699998
1.699998
