317.599974
228.899997
204.899930
209.100079
203.400035
209.299964
214.500003
145.600061
116.499956
109.200017
108.200009
113.899936
109.500019
108.800014
114.199938
108.700013
108.800014
112.600042
109.299901
108.700013
112.200039
108.800014
114.399940
116.000068
122.900004
125.900027
118.899974
110.800029
114.100054
118.399970
110.600027
121.999998
129.800057
116.699957
110.000023
116.099953
113.300048
126.900035
141.099910
140.600023
143.000041
144.299935
140.400021
146.899954
141.600030
131.200068
119.300094
115.299947
126.700033
158.299925
147.800078
147.999963
143.200043
137.299998
129.300053
141.500030
147.699961
127.100036
135.499984
124.100014
125.299906
136.599992
121.299992
126.600033
141.400029
126.599916
135.800103
123.600010
123.900012
134.299975
142.700039
144.399935
132.100075
143.199926
115.500065
119.099976
115.999952
127.700041
148.399966
140.500022
145.099941
179.900089
151.300104
145.199941
140.200020
145.499944
169.800012
196.899986
151.799992
144.400052
145.599945
291.000004
275.600003
524.500036
254.699960
192.499952
213.599997
239.599962
155.900023
127.500040
199.500006
194.799970
188.100035
209.299964
226.299977
223.299954
218.900037
149.799976
207.699952
218.300032
128.699932
144.300051
116.399955
133.699970
140.700024
131.300068
137.900002
133.500085
132.699963
167.899998
219.900045
234.500039
233.900035
154.100009
134.399976
133.599970
136.899995
139.400014
148.999970
163.399964
160.600059
156.899914
156.700029
159.599935
147.200073
153.700006
160.899945
152.900000
156.100024
140.000018
148.299965
145.899947
148.500083
149.300089
156.599912
148.700085
151.399989
150.799984
157.599919
151.399989
160.500058
153.900008
142.799923
149.599975
145.800062
145.999948
158.400042
146.999955
155.900023
146.699953
150.099979
149.900094
142.799923
148.199964
151.199987
146.200066
154.900015
148.999970
152.499997
196.299981
178.499962
144.100050
141.199911
127.300038
141.900033
147.399958
177.499955
150.100095
146.100065
147.499959
141.900033
145.199941
139.300013
371.600036
243.899995
166.899990
146.499951
147.099956
144.400052
148.699968
148.299965
150.000094
196.300098
184.300006
200.300012
154.100009
144.300051
168.099999
140.600023
147.200073
153.000001
141.900033
133.599970
141.400029
144.900056
148.899970
132.999965
239.299960
270.999968
215.500011
264.100032
245.600007
260.300003
145.300059
177.099952
187.100028
136.899995
303.999986
147.499959
131.499954
167.499995
168.200000
196.199981
188.900041
143.299927
196.999987
262.800022
189.699931
245.100004
148.299965
170.000014
164.899975
170.200015
244.800001
247.300020
161.299948
150.399981
132.100075
125.900027
133.400084
138.200005
130.199944
137.399998
174.900051
125.099905
137.199997
137.700001
131.400069
134.199974
138.800009
152.799999
170.499901
127.700041
139.300013
126.300030
132.699963
143.299927
158.900046
159.000047
133.099966
138.200005
137.800002
132.999965
128.300046
132.499961
162.499957
139.200012
127.700041
132.499961
140.600023
138.200005
132.900081
197.599991
147.399958
120.799989
126.700033
146.999955
147.999963
129.600056
275.099999
229.199999
260.300003
246.999902
213.199994
228.499994
208.000070
209.000078
252.799946
239.199959
277.300016
289.999996
180.699979
133.899972
189.600047
179.399969
219.399924
201.500021
212.999992
192.600070
205.400051
224.499963
235.500047
192.899955
252.799946
170.300016
141.300028
160.700059
152.200111
141.400029
127.800042
143.399928
136.399991
130.600063
171.300024
125.700026
134.999980
129.300053
125.000020
135.499984
129.299937
142.100034
143.000041
132.800080
136.499992
127.799925
127.700041
132.299960
132.600078
165.999983
136.999995
128.399930
128.700049
140.600023
133.399968
140.200020
171.199907
129.000051
135.099981
133.899972
121.299992
126.400031
134.399976
178.599963
123.800011
121.499994
143.800047
129.799941
135.499984
131.700072
129.799941
237.600063
142.299919
126.800034
136.399991
151.399989
139.100011
173.599925
115.600065
135.299983
146.099948
143.100042
151.399989
136.099989
172.200031
126.299914
123.800011
145.400059
152.599998
153.100002
149.099971
184.500008
141.399913
224.000076
154.700014
148.099964
150.999986
185.800018
188.799924
136.499992
131.200068
141.299912
134.799979
140.800024
142.400037
145.199941
127.000036
140.400021
179.599971
239.899964
178.699964
146.100065
147.199957
136.899995
151.499989
163.899967
187.600031
140.400021
130.999950
144.700054
145.699945
139.600015
129.699940
176.200061
142.699922
147.000072
134.799979
135.599985
147.099956
138.800009
170.700019
134.499976
133.499969
143.900048
135.599985
141.500030
185.100012
207.999954
139.400014
126.699917
125.400024
135.999988
131.800072
172.199914
135.499984
131.400069
139.400014
134.999980
133.499969
137.600000
171.600026
135.599985
141.199911
128.700049
138.800009
123.600010
123.700011
158.599927
142.700039
125.000020
128.599931
123.300008
139.100011
132.799963
128.600048
204.899930
132.200075
128.399930
125.500024
112.100039
120.599987
126.599916
167.899998
134.799979
129.800057
126.800034
135.099981
127.699925
123.700011
125.400024
151.699991
114.199938
108.100008
107.700005
111.500034
130.799948
149.400090
183.600001
166.500104
162.299955
157.700037
148.200081
154.300011
147.499959
190.699939
149.400090
147.799961
161.499949
151.599990
150.200096
185.800018
149.700092
156.700029
136.599992
159.500050
146.899954
252.200058
242.400100
186.200021
148.899970
232.300023
425.299979
381.699996
285.699964
235.400046
385.699910
159.600051
165.799982
155.900023
155.199901
159.300049
154.700014
162.699958
168.500002
150.199980
156.300026
165.499980
149.399973
174.300047
159.699935
154.200010
163.499964
152.499997
157.400034
148.999970
153.400004
145.699945
145.700062
160.599942
170.800020
145.900063
157.500035
127.000036
170.200015
146.900071
144.999940
143.600046
141.000026
139.500014
151.000102
181.699987
152.900000
140.099903
145.800062
144.499936
143.300043
163.399964
163.299963
147.800078
132.699963
143.700046
132.999965
146.999955
179.199968
149.500091
143.199926
128.900050
160.699943
149.399973
140.800024
249.400036
149.499974
141.700031
142.999925
144.600053
145.199941
183.099997
146.400067
145.899947
143.000041
151.499989
144.299935
169.900013
170.700019
132.799963
151.399989
144.000049
146.699953
138.400006
189.799932
146.000064
151.099986
139.400014
142.999925
132.700079
140.899909
183.800003
149.700092
134.199974
141.399913
140.400021
134.499976
199.600006
164.399971
160.100055
153.900008
161.699951
147.999963
143.800047
194.899971
141.000026
144.000049
168.200000
166.200101
142.900040
180.200092
138.300005
132.699963
141.900033
140.799908
133.000081
147.999963
150.999986
127.700041
126.600033
127.500040
137.099996
140.200020
135.099981
171.100022
154.500012
131.700072
127.499923
128.500047
131.899957
138.800009
141.100027
191.899948
140.100019
134.799979
145.800062
135.399983
130.799948
150.699983
167.699996
139.900018
132.499961
130.600063
145.799946
135.099981
132.200075
195.299974
129.399938
137.600000
130.000059
137.499999
137.600000
134.699978
177.499955
150.199980
129.700056
142.199919
131.400069
133.299967
137.600000
174.699933
141.200027
135.199982
136.199989
137.900002
138.100004
138.700008
183.500000
132.099958
140.100019
132.699963
133.800087
138.500007
135.999988
173.699926
141.700031
133.599970
142.500037
138.600008
143.999932
163.699966
155.200018
130.600063
140.399905
136.499992
142.900040
142.300036
154.300011
161.199947
143.499929
157.600036
170.800020
143.099925
167.999999
252.800062
155.900023
163.199962
147.599960
149.699976
146.400067
151.099986
213.299994
156.599912
150.300097
139.599899
151.499989
226.600096
282.399938
268.699951
276.900013
321.500003
149.899977
143.600046
155.000016
164.999976
177.299953
193.799962
152.499997
152.699999
152.299996
151.999993
154.200010
200.200011
175.800058
177.699956
146.099948
140.500022
147.199957
194.200082
137.900002
144.299935
150.099979
141.300028
156.400027
140.999909
181.200099
162.999961
140.100019
142.299919
148.800085
152.000110
188.800041
135.099981
154.700014
144.800055
150.999986
142.099918
146.300066
186.899910
146.100065
146.299950
154.000008
139.400014
139.800017
174.099929
213.699997
149.500091
147.299957
147.899962
150.299980
149.699976
177.600072
152.299996
148.199964
145.899947
146.600069
143.699930
147.400075
185.500016
151.699991
142.099918
145.700062
155.299902
143.300043
141.100027
183.199998
153.300003
132.299960
163.599965
161.400065
176.899950
189.900049
146.800070
167.799997
184.900011
149.499974
149.499974
166.999991
142.000034
149.499974
130.899949
187.400030
145.400059
147.800078
170.800020
163.199962
155.400019
216.899905
170.900021
156.200025
166.999991
158.600044
131.499954
186.400022
165.799982
169.400009
161.899952
140.600023
144.899939
206.100056
161.899952
161.600066
163.800083
173.799926
150.299980
221.800059
170.100015
151.099986
166.099984
157.200033
141.599914
144.900056
222.199946
168.700004
155.400019
157.400034
159.399933
171.400025
184.100005
155.700021
148.499967
174.499932
175.000052
139.800017
188.399921
161.600066
159.399933
150.199980
152.799999
175.400055
169.500010
157.499919
149.799976
159.400050
177.099952
147.400075
146.399951
159.600051
147.299957
144.999940
155.000016
146.800070
180.499977
161.999953
146.899954
156.700029
159.800053
171.399908
173.300039
159.000047
178.899965
176.699948
155.200018
161.499949
175.000052
155.000016
159.799936
153.100002
165.399979
158.800045
164.599973
171.900028
149.899977
148.999970
166.099984
163.600082
168.599887
185.400015
176.599948
162.500073
158.799929
162.200071
165.799982
138.400006
153.999892
160.400057
156.000024
148.999970
163.899967
156.800030
212.199986
171.200023
170.099898
146.300066
158.099923
165.400095
155.799906
163.300079
157.199916
153.500005
168.200000
164.099969
161.700067
169.800012
160.399941
277.300016
173.299923
173.300039
170.900021
148.299965
174.400047
154.699897
162.500073
155.900023
165.899983
149.899977
160.399941
179.999974
168.099999
164.500088
160.499942
167.499995
168.400002
158.400042
179.099967
170.600018
163.299963
188.900041
161.399948
192.799955
159.200048
157.899922
159.200048
156.800030
172.099913
164.400088
152.900000
171.899912
190.400053
156.399910
156.800030
167.499995
165.399979
163.000077
146.299950
161.999953
156.300026
157.700037
159.599935
153.900008
161.199947
157.400034
169.200008
186.900026
156.100024
167.599996
162.700075
159.799936
150.799984
151.299988
160.600059
158.199924
149.000087
152.900000
156.700029
171.400025
154.600013
150.199980
136.399991
156.300026
156.099908
163.400080
162.299955
153.500005
154.100009
161.599950
148.999970
163.000077
155.900023
142.100034
169.900013
166.299986
163.899967
181.799987
157.100032
166.099984
144.900056
159.499934
160.600059
154.200010
168.500002
156.300026
157.400034
163.099961
142.000034
182.699994
153.900008
152.900000
159.300049
151.699991
159.999938
154.900015
164.499972
158.200040
152.699999
161.899952
161.600066
151.999993
162.599958
160.600059
154.999900
169.100007
144.100050
145.499944
153.000001
154.500012
